x <- 1
y <- 2
z<- 92
x + z


